0x526670cb2eb44b58f4814f04afb6a6a2795a496c8617ee669a92731f3f23420d,0x0000000000000000000000000000000000000000000000000000000000000000,0x00000000000000000000000005be54f406549f318a6856ff14669ee95e52158c
0x526670cb2eb44b58f4814f04afb6a6a2795a496c8617ee669a92731f3f23420d,0x0000000000000000000000000000000000000000000000000000000000000003,0x0000000000000000000000000000000000000000000000000000000000000001
0x526670cb2eb44b58f4814f04afb6a6a2795a496c8617ee669a92731f3f23420d,0x0000000000000000000000000000000000000000000000000000000000000004,0x65766572207465737420746f6b656e000000000000000000000000000000001e
0x526670cb2eb44b58f4814f04afb6a6a2795a496c8617ee669a92731f3f23420d,0x0000000000000000000000000000000000000000000000000000000000000005,0x465354373231000000000000000000000000000000000000000000000000000c
0x526670cb2eb44b58f4814f04afb6a6a2795a496c8617ee669a92731f3f23420d,0xb7765898b047815479ca1028bf6069d829a813f32eb9674cef83985fc9694780,0x0000000000000000000000000000000000000000000000000000000000000001
0x62fdce78c5463f6a0d19d861103ac20615346b2c44a6d289cb23695540ecf292,0x0000000000000000000000000000000000000000000000000000000000000002,0x0000000000000000000000000000000000000000000000000000000000000001
0x62fdce78c5463f6a0d19d861103ac20615346b2c44a6d289cb23695540ecf292,0x405787fa12a823e0f2b7631cc41b3ba8828b3321ca811111fa75cd3aa3bb5ace,0x00000000000000000000000005be54f406549f318a6856ff14669ee95e52158c
0x62fdce78c5463f6a0d19d861103ac20615346b2c44a6d289cb23695540ecf292,0xae8aacb75e06b8bee0cddc700b673845f2695376698a9ef9f8a77a8a11c8dee1,0x0000000000000000000000000000000000000000000000000000000000000001
0x088933c2ae4ffc4458ab218ca8751307ef74c87ec44d4cfa9ac7f724d854a90a,0x0000000000000000000000000000000000000000000000000000000000000002,0x0000000000000000000000000000000000000000000000000000000000000002
0x088933c2ae4ffc4458ab218ca8751307ef74c87ec44d4cfa9ac7f724d854a90a,0x405787fa12a823e0f2b7631cc41b3ba8828b3321ca811111fa75cd3aa3bb5acf,0x00000000000000000000000005be54f406549f318a6856ff14669ee95e52158c
0x088933c2ae4ffc4458ab218ca8751307ef74c87ec44d4cfa9ac7f724d854a90a,0xae8aacb75e06b8bee0cddc700b673845f2695376698a9ef9f8a77a8a11c8dee1,0x0000000000000000000000000000000000000000000000000000000000000002
0x13db487f1ea53ca763ef34e5f5c5107f9a3fe408fbc56ef74d3b8874e8c31458,0x0000000000000000000000000000000000000000000000000000000000000002,0x0000000000000000000000000000000000000000000000000000000000000003
0x13db487f1ea53ca763ef34e5f5c5107f9a3fe408fbc56ef74d3b8874e8c31458,0x405787fa12a823e0f2b7631cc41b3ba8828b3321ca811111fa75cd3aa3bb5ad0,0x00000000000000000000000005be54f406549f318a6856ff14669ee95e52158c
0x13db487f1ea53ca763ef34e5f5c5107f9a3fe408fbc56ef74d3b8874e8c31458,0xae8aacb75e06b8bee0cddc700b673845f2695376698a9ef9f8a77a8a11c8dee1,0x0000000000000000000000000000000000000000000000000000000000000003
0xb8c8659d74fd2f68ac7ce5c6f4e30d926ecb469e1f389ddd861cfb056061b4fe,0x0000000000000000000000000000000000000000000000000000000000000002,0x0000000000000000000000000000000000000000000000000000000000000004
0xb8c8659d74fd2f68ac7ce5c6f4e30d926ecb469e1f389ddd861cfb056061b4fe,0x405787fa12a823e0f2b7631cc41b3ba8828b3321ca811111fa75cd3aa3bb5ad1,0x00000000000000000000000005be54f406549f318a6856ff14669ee95e52158c
0xb8c8659d74fd2f68ac7ce5c6f4e30d926ecb469e1f389ddd861cfb056061b4fe,0xae8aacb75e06b8bee0cddc700b673845f2695376698a9ef9f8a77a8a11c8dee1,0x0000000000000000000000000000000000000000000000000000000000000004